hasCredit,numCreditTnx,creditSpendToLimitRatio,hasSavings,incomeSavedOverTime,numSavingsTnx,hasChecking,numCheckingTnx,averageCheckingTnx
0,0.0,0.0,0,0.0,0.0,0,0.0,0.0
0,32.0,0.0011676717171717,1,512.4127230411171,19.0,1,52.0,-26.513269230769232
1,68.0,-0.0019482919973544,1,1210.9025624285946,48.0,0,0.0,0.0
1,15.0,0.0659039444444444,1,234.69056176456107,12.0,1,93.0,-5.2035483870967765
1,22.0,0.0481685737976782,1,1578.560743248563,12.0,1,99.0,-54.89585858585858
0,0.0,0.0,0,0.0,0.0,0,0.0,0.0
0,63.0,-0.0274114837662337,1,0.0,24.0,1,99.0,-25.734949494949493
1,44.0,-0.0010030952380952,1,312.45191334278195,31.0,1,99.0,-25.73171717171717
0,38.0,0.0,0,0.0,0.0,0,0.0,0.0
1,50.0,0.014756619047619,1,96.80405110835372,26.0,1,99.0,-1.348787878787879
1,36.0,0.0018609695859695,0,0.0,0.0,1,91.0,-0.5463736263736256
0,0.0,0.0,1,0.0,41.0,0,0.0,0.0
0,0.0,0.0,0,0.0,0.0,0,0.0,0.0
0,0.0,0.0,0,0.0,0.0,1,99.0,-26.159898989898988
0,0.0,0.0,0,0.0,0.0,0,0.0,0.0
0,0.0,0.0,0,0.0,0.0,0,0.0,0.0
0,0.0,0.0,1,17.795979151154135,12.0,1,63.0,-15.43793650793651
0,0.0,0.0,1,0.0,33.0,1,99.0,5.699797979797978
1,54.0,-0.024936496031746,1,3926.261585993821,33.0,1,99.0,-2.270707070707072
0,47.0,0.0123937327823691,1,46.45259690979155,31.0,1,99.0,-18.656060606060606
0,25.0,0.0216391656491656,1,0.0,21.0,1,99.0,-17.911010101010103
0,0.0,0.0,0,0.0,0.0,0,0.0,0.0
0,0.0,0.0,0,0.0,0.0,0,0.0,0.0
1,52.0,-0.0295360661375661,1,403.4771809996896,36.0,1,99.0,-26.052929292929296
0,0.0,0.0,0,0.0,0.0,1,99.0,-25.980505050505048
1,54.0,-0.00137279004329,1,18.751940391182863,31.0,0,0.0,0.0
0,60.0,0.0001661053876678,0,0.0,0.0,1,99.0,-0.9810101010101008
1,84.0,-0.0289776474358974,0,0.0,0.0,1,99.0,-1.0526262626262637
0,0.0,0.0,1,35.771864537277914,57.0,0,0.0,0.0
1,82.0,0.0129293939393939,0,0.0,0.0,0,0.0,0.0
0,50.0,-0.0022140349927849,0,0.0,0.0,1,99.0,-32.93484848484849
0,30.0,-0.0131491188197767,0,0.0,0.0,0,0.0,0.0
0,29.0,-0.0196233115468409,0,0.0,0.0,1,99.0,-7.929595959595959
1,31.0,-0.0099492424242424,0,0.0,0.0,1,94.0,0.264574468085105
0,0.0,0.0,1,0.0,33.0,1,99.0,-53.81070707070708
1,77.0,0.0156008340848965,1,20.616356568796,40.0,1,99.0,-0.2037373737373733
0,0.0,0.0,1,0.0,22.0,0,0.0,0.0
1,54.0,-0.0288944799182299,1,8429.182879377433,17.0,1,99.0,-1.9591919191919187
1,12.0,0.0235341666666666,1,54.84846588657364,22.0,1,45.0,-35.068444444444445
1,72.0,-0.0073680423553719,0,0.0,0.0,1,99.0,-1.6594949494949511
1,84.0,9.699415784832547e-05,1,50.57971160735008,26.0,1,99.0,-25.98323232323232
0,44.0,0.0001186278166278,0,0.0,0.0,1,99.0,-52.55050505050505
0,0.0,0.0,1,127.18605072933128,12.0,1,99.0,-0.712020202020202
1,65.0,-0.007683560515873,0,0.0,0.0,1,99.0,-43.416969696969694
1,39.0,-0.01406575,0,0.0,0.0,1,99.0,-23.918282828282827
1,69.0,-0.0382099573412698,0,0.0,0.0,1,99.0,-23.446060606060605
1,64.0,0.0140082239382239,0,0.0,0.0,1,99.0,-1.262424242424243
1,70.0,-0.0281685029761904,1,8.871208703650542,36.0,1,99.0,-0.0552525252525249
1,68.0,-0.0229123055555555,0,0.0,0.0,0,0.0,0.0
1,40.0,0.0001065380159746,0,0.0,0.0,1,99.0,-8.60080808080808
0,0.0,0.0,1,0.0,12.0,0,0.0,0.0
0,0.0,0.0,1,0.0,40.0,0,0.0,0.0
0,0.0,0.0,0,0.0,0.0,0,0.0,0.0
1,41.0,-0.0403433658008658,1,5769.2083818393485,21.0,1,99.0,0.9696969696969694
1,56.0,-0.0127510419347919,0,0.0,0.0,1,99.0,0.946060606060606
1,37.0,-0.0053318287037037,0,0.0,0.0,1,99.0,-33.18
0,0.0,0.0,0,0.0,0.0,0,0.0,0.0
1,98.0,0.0025059940468482,1,140.68780705672177,39.0,1,99.0,-1.625555555555557
0,0.0,0.0,0,0.0,0.0,1,99.0,-64.88838383838383
1,55.0,-0.0227365833333333,0,0.0,0.0,0,0.0,0.0
1,36.0,-0.0016335277777777,0,0.0,0.0,1,99.0,-1.6271717171717173
0,0.0,0.0,0,0.0,0.0,0,0.0,0.0
1,36.0,-0.0350501349206349,1,15.95971861653128,40.0,1,99.0,0.468383838383838
0,49.0,-0.0095053505291005,1,0.0,25.0,1,99.0,-19.24464646464646
0,0.0,0.0,0,0.0,0.0,1,99.0,-7.034343434343441
0,42.0,-0.0002074311997526,0,0.0,0.0,0,0.0,0.0
1,55.0,-0.0240347257653061,1,262.8968506948872,22.0,1,99.0,-55.37383838383838
0,0.0,0.0,1,150.42361869120018,12.0,0,0.0,0.0
0,0.0,0.0,1,0.0,22.0,0,0.0,0.0
1,37.0,0.0060150757575757,1,919.2544843049328,20.0,1,99.0,4.1836363636363645
1,78.0,-0.0051148622735289,0,0.0,0.0,1,99.0,-25.738989898989896
0,0.0,0.0,0,0.0,0.0,0,0.0,0.0
1,91.0,-0.0003153178210678,0,0.0,0.0,1,99.0,-2.6977777777777776
0,0.0,0.0,1,0.0,27.0,1,82.0,-12.863170731707315
1,53.0,0.0062069292929292,1,112.61101973684212,33.0,0,0.0,0.0
0,39.0,0.0160251212121212,1,46.8022889636681,30.0,1,99.0,0.5527272727272733
1,31.0,-0.0104339722222222,1,110.84093211752786,12.0,1,84.0,-2.955595238095237
1,44.0,0.0093407907647907,1,98.3803058944836,3.0,1,65.0,-9.17107692307692
0,0.0,0.0,1,0.0,44.0,0,0.0,0.0
1,60.0,0.0035245019841269,1,70.19834041691966,31.0,1,99.0,-17.23212121212121
1,26.0,-0.0104191412601625,1,8.925137858991823,12.0,1,99.0,-5.604848484848481
1,6.0,0.0844876315789473,1,549.7216461085035,12.0,1,99.0,-20.597272727272728
1,97.0,0.0043128774851691,0,0.0,0.0,1,99.0,0.6577777777777787
0,0.0,0.0,1,0.0,22.0,0,0.0,0.0
1,79.0,0.0037169826839826,0,0.0,0.0,1,99.0,-19.3989898989899
1,31.0,0.0773045959595959,1,169.79106908229545,5.0,0,0.0,0.0
0,34.0,0.0203652333333333,1,6.444530026958493,26.0,1,99.0,-1.0713131313131314
0,0.0,0.0,0,0.0,0.0,1,99.0,-49.276464646464646
0,18.0,-0.0023510416666666,0,0.0,0.0,0,0.0,0.0
1,84.0,-0.0002025663163163,1,3215.9738846572363,53.0,1,99.0,15.393131313131311
0,0.0,0.0,0,0.0,0.0,1,99.0,-0.1296969696969688
0,0.0,0.0,1,0.0,26.0,0,0.0,0.0
0,0.0,0.0,0,0.0,0.0,0,0.0,0.0
0,0.0,0.0,0,0.0,0.0,1,99.0,-2.6907070707070724
1,88.0,0.003654153042328,0,0.0,0.0,1,99.0,-3.3027272727272714
0,67.0,-0.006555460207231,1,105.51638050046706,52.0,0,0.0,0.0
0,46.0,-0.0164561038961039,1,0.0,26.0,1,99.0,-0.4270707070707071
1,74.0,0.0432985636123136,0,0.0,0.0,1,99.0,-1.7159595959595952
0,27.0,-0.0364965151515151,0,0.0,0.0,1,99.0,-5.408383838383837
1,38.0,0.0182023706896551,0,0.0,0.0,1,99.0,6.553737373737374
1,49.0,-0.0209129870559334,1,196.56326300327817,26.0,0,0.0,0.0
0,0.0,0.0,1,155.8164201353056,22.0,0,0.0,0.0
0,0.0,0.0,0,0.0,0.0,0,0.0,0.0
0,30.0,-0.0316596071428571,0,0.0,0.0,1,99.0,-32.126060606060605
1,65.0,-0.0004226180555555,1,14.947809916794483,33.0,1,99.0,-1.3779797979797987
1,111.0,0.0025783102274481,1,86.93827854266179,53.0,1,99.0,-29.543939393939397
1,40.0,-0.003759767150155,1,150.21134221825685,26.0,1,26.0,-116.38038461538464
1,30.0,-0.057721909090909,0,0.0,0.0,0,0.0,0.0
1,56.0,0.0082721805555555,1,325.1992677899653,39.0,1,99.0,-112.2738383838384
1,44.0,-0.0249543722943723,0,0.0,0.0,1,99.0,-2.914242424242424
0,0.0,0.0,0,0.0,0.0,1,99.0,-20.59010101010101
1,32.0,-0.0173834696969697,1,108.34202294056308,28.0,1,99.0,9.76030303030303
0,0.0,0.0,0,0.0,0.0,0,0.0,0.0
0,41.0,-0.0217881773618538,1,39.276473876189215,25.0,1,99.0,0.6725252525252524
1,52.0,-0.0210111726190476,0,0.0,0.0,1,99.0,3.471717171717172
0,0.0,0.0,0,0.0,0.0,1,99.0,-1.1095959595959586
0,0.0,0.0,1,32.578337765015675,40.0,1,99.0,-73.8728282828283
0,15.0,0.0111554285714285,1,0.0,21.0,1,1.0,-0.75
0,36.0,0.0067473743386243,1,433.87614514627273,33.0,1,99.0,-10.07030303030303
1,13.0,0.0603448484848484,1,159.1790855360963,26.0,1,53.0,-54.06905660377358
0,41.0,-3.969833564493645e-05,1,8.565499673821876,22.0,1,99.0,-38.45090909090909
0,0.0,0.0,1,16.120704041465018,44.0,0,0.0,0.0
1,17.0,0.0424817418981481,1,266.3660104900476,13.0,0,0.0,0.0
0,37.0,0.0140494263285024,0,0.0,0.0,1,99.0,-14.720101010101011
0,0.0,0.0,0,0.0,0.0,0,0.0,0.0
1,1.0,0.5586300000000001,1,71.08421490275789,21.0,1,41.0,-40.67780487804878
1,23.0,0.0809848611111111,1,38.53366744806402,17.0,1,55.0,-44.09490909090909
0,26.0,-0.0713390277777777,0,0.0,0.0,1,99.0,-25.08212121212121
1,64.0,-0.000730738095238,1,9.23874617016262,25.0,1,99.0,-26.107676767676764
1,78.0,-0.0033120449735449,1,0.0,47.0,1,99.0,-22.21474747474748
1,40.0,-0.0115391017316017,1,577.8265412748171,21.0,1,99.0,-0.0120202020202027
0,29.0,-0.0229480022446689,0,0.0,0.0,0,0.0,0.0
1,71.0,0.0174515297619047,1,6.094152342804323,25.0,1,99.0,-18.13191919191919
0,0.0,0.0,0,0.0,0.0,1,99.0,-2.4405050505050507
0,42.0,-0.0028578355957767,1,119.57665044262242,24.0,1,99.0,-3.416262626262626
1,28.0,-0.019744625,1,144.21517820239723,21.0,1,99.0,8.395656565656564
1,46.0,0.0036798989646716,1,23.363866143048128,31.0,1,99.0,-38.50151515151515
1,9.0,0.0915457142857143,0,0.0,0.0,1,99.0,-16.905858585858585
0,0.0,0.0,1,0.0,12.0,0,0.0,0.0
0,0.0,0.0,1,0.0,12.0,1,18.0,32.66611111111112
0,0.0,0.0,1,111.27135561691136,24.0,1,99.0,10.525454545454544
1,49.0,-0.0312128728070175,1,103.745032575258,48.0,0,0.0,0.0
1,55.0,-0.0242756388888888,1,745.1168445224909,30.0,1,99.0,-26.86747474747475
1,50.0,0.0025637337662337,1,55.48793284365163,31.0,1,99.0,1.1797979797979803
1,47.0,-0.0186208758503401,0,0.0,0.0,1,99.0,-31.85868686868687
0,0.0,0.0,1,0.0,24.0,0,0.0,0.0
1,77.0,0.0019662433862433,1,18.11798221697956,49.0,1,99.0,-0.1341414141414139
1,32.0,-0.0075077638888888,1,118.57953011072104,24.0,1,55.0,-3.4989090909090903
0,38.0,-0.0345418945089997,1,0.0,12.0,0,0.0,0.0
1,141.0,-0.0001619174770519,0,0.0,0.0,0,0.0,0.0
1,40.0,-0.0060942727272727,1,6.879234377220827,12.0,1,19.0,5.037894736842103
0,0.0,0.0,0,0.0,0.0,1,99.0,-91.95464646464649
1,50.0,-0.0296366329365079,0,0.0,0.0,1,99.0,-1.029191919191919
0,0.0,0.0,0,0.0,0.0,1,45.0,-76.42444444444445
0,0.0,0.0,0,0.0,0.0,0,0.0,0.0
1,54.0,-0.0158015476190476,1,159.41417187163472,40.0,1,99.0,-2.4688888888888902
1,35.0,-0.020572606060606,0,0.0,0.0,1,99.0,-12.862626262626264
0,0.0,0.0,0,0.0,0.0,1,99.0,-25.367272727272727
1,46.0,0.0190895734126984,0,0.0,0.0,1,99.0,-64.18656565656566
0,0.0,0.0,0,0.0,0.0,0,0.0,0.0
1,53.0,-0.0032612361111111,1,184.77057101541283,24.0,1,99.0,-38.66525252525253
1,60.0,0.0042768382682132,1,200.4833725138012,21.0,1,99.0,-110.26989898989898
1,29.0,-0.0040316944444444,1,168.6372604284104,11.0,1,52.0,-21.886730769230773
1,36.0,-0.0144292626262626,1,1078.2667237897058,21.0,1,99.0,-3.4973737373737364
0,0.0,0.0,0,0.0,0.0,0,0.0,0.0
1,37.0,0.0248868287118287,0,0.0,0.0,0,0.0,0.0
0,0.0,0.0,0,0.0,0.0,1,99.0,-1.10070707070707
1,64.0,0.0009334291310541,0,0.0,0.0,1,99.0,-18.273434343434342
0,0.0,0.0,1,0.0,12.0,1,57.0,-1.0721052631578938
0,0.0,0.0,1,14213.966480446928,30.0,1,99.0,1.1185858585858586
0,30.0,-0.0015054958677685,0,0.0,0.0,1,80.0,-3.7185
1,39.0,0.0069732962962962,0,0.0,0.0,1,99.0,-50.55121212121212
0,28.0,0.0142710476190476,0,0.0,0.0,0,0.0,0.0
0,0.0,0.0,0,0.0,0.0,1,99.0,1.0209090909090903
0,0.0,0.0,0,0.0,0.0,1,99.0,-40.30838383838383
0,0.0,0.0,0,0.0,0.0,1,99.0,-1.698787878787878
0,0.0,0.0,0,0.0,0.0,0,0.0,0.0
1,48.0,0.0128741138028638,0,0.0,0.0,1,99.0,-8.684747474747475
1,44.0,0.0006160393518518,1,67.81169685952486,40.0,1,99.0,-10.064242424242426
0,0.0,0.0,1,24.98229759329926,38.0,0,0.0,0.0
1,21.0,0.0329056944444444,1,155.7739237567228,21.0,1,29.0,-2.922758620689655
0,0.0,0.0,1,0.0,49.0,0,0.0,0.0
1,34.0,0.0868946831955922,0,0.0,0.0,0,0.0,0.0
0,0.0,0.0,0,0.0,0.0,1,99.0,-27.23676767676768
1,46.0,-0.0149119851532567,0,0.0,0.0,0,0.0,0.0
0,0.0,0.0,0,0.0,0.0,0,0.0,0.0
1,48.0,-0.0014370595238095,1,34.06346373258927,36.0,0,0.0,0.0
0,0.0,0.0,0,0.0,0.0,0,0.0,0.0
0,22.0,-0.0284511160714285,1,50.43342671388551,26.0,0,0.0,0.0
0,47.0,0.0069788480392156,1,0.0,40.0,1,99.0,-1.7836363636363626
1,49.0,-0.0288042407407407,1,330.94767463543803,21.0,1,99.0,-1.315555555555554
0,0.0,0.0,1,0.0,12.0,1,63.0,5.116825396825396
0,0.0,0.0,1,14.70275483944927,40.0,1,99.0,-20.74939393939394
0,0.0,0.0,1,35.576415989874484,40.0,1,99.0,-2.1882828282828286
0,0.0,0.0,1,106.99607204445296,18.0,0,0.0,0.0
0,22.0,-0.0077301851851851,0,0.0,0.0,1,99.0,-25.911616161616163
0,0.0,0.0,0,0.0,0.0,0,0.0,0.0
0,33.0,-0.0133286543209876,1,483.8448776441311,27.0,0,0.0,0.0
1,44.0,0.0098630687830687,1,231.70609796734425,22.0,1,5.0,-0.75
0,21.0,-0.0344314814814814,1,0.0,24.0,1,36.0,-32.77555555555556
1,48.0,-0.0005314249639249,1,842.0950965824666,12.0,1,99.0,1.7743434343434334
0,25.0,-0.0280318239795918,1,735.0137308748529,13.0,0,0.0,0.0
0,0.0,0.0,1,0.0,12.0,0,0.0,0.0
1,51.0,0.0063240440771349,1,0.0,25.0,1,99.0,-24.33767676767677
0,0.0,0.0,0,0.0,0.0,0,0.0,0.0
0,0.0,0.0,1,1093.4807760768956,24.0,1,99.0,1.6020202020202008
1,7.0,0.1019204166666666,1,55.08794097866183,24.0,1,66.0,-38.48681818181819
0,65.0,0.0115544937843921,0,0.0,0.0,0,0.0,0.0
0,0.0,0.0,0,0.0,0.0,1,99.0,-20.90040404040404
1,31.0,-0.0108761296296296,1,98.05938964163606,12.0,1,27.0,65.33777777777779
0,30.0,-0.0333492063492063,1,26.269033108534096,54.0,1,99.0,-19.794848484848487
1,1.0,0.5831999999999999,1,340.9959693147835,12.0,1,47.0,-3.595744680851064
0,0.0,0.0,0,0.0,0.0,0,0.0,0.0
0,0.0,0.0,1,105.38155878622592,14.0,1,99.0,-53.75535353535354
1,32.0,-0.0241204848484848,0,0.0,0.0,1,99.0,-2.927474747474748
0,8.0,-0.1152777777777777,1,0.0,31.0,1,99.0,-20.17939393939394
1,61.0,-0.0094091471260221,1,5.869372896350454,25.0,1,99.0,-4.4355555555555535
1,62.0,0.002824719047619,0,0.0,0.0,1,99.0,19.865555555555552
0,0.0,0.0,0,0.0,0.0,1,99.0,-0.1006060606060611
0,0.0,0.0,1,21.169102746518348,36.0,1,99.0,-24.513232323232323
1,31.0,-0.0238875202922077,1,162.44059760736533,33.0,1,99.0,-3.8049494949494953
0,59.0,0.0116223101519692,1,0.0,26.0,1,99.0,-38.78717171717172
1,22.0,0.0174714166666666,0,0.0,0.0,1,89.0,-4.47191011235955
0,58.0,0.0065866137566137,1,82.83023908107386,26.0,0,0.0,0.0
0,0.0,0.0,1,0.0,47.0,1,99.0,-2.010404040404041
0,0.0,0.0,0,0.0,0.0,0,0.0,0.0
0,0.0,0.0,0,0.0,0.0,1,70.0,-4.274
1,51.0,-0.0033903505291005,1,22.64953699841495,7.0,1,77.0,-8.768051948051946
1,8.0,0.0492888888888888,1,764.8814013913335,12.0,1,26.0,-101.33807692307693
0,0.0,0.0,0,0.0,0.0,0,0.0,0.0
1,14.0,0.0110702083333333,1,0.0,12.0,0,0.0,0.0
0,40.0,0.0098995389610389,1,3.6115960463893777,21.0,1,99.0,-26.766868686868687
0,0.0,0.0,0,0.0,0.0,0,0.0,0.0
1,47.0,0.0213630069444444,0,0.0,0.0,1,99.0,-21.38040404040404
1,33.0,-0.0223044722222222,1,0.0,24.0,1,99.0,-26.626464646464648
0,0.0,0.0,0,0.0,0.0,0,0.0,0.0
1,131.0,-0.0019534340118732,0,0.0,0.0,1,99.0,19.466565656565656
1,40.0,0.0075368999287749,1,208.96586993970715,31.0,1,99.0,-13.617878787878787
0,26.0,-0.0246850925925925,1,2676.155391828533,19.0,1,99.0,-2.498585858585859
0,0.0,0.0,0,0.0,0.0,0,0.0,0.0
0,0.0,0.0,1,161.8320610687023,31.0,1,99.0,-27.61171717171717
0,0.0,0.0,0,0.0,0.0,1,16.0,-13.560625
0,0.0,0.0,0,0.0,0.0,1,99.0,-2.003333333333333
1,67.0,0.0100751289682539,1,60.33279518366769,26.0,1,99.0,-0.0483838383838383
0,0.0,0.0,1,23.554073554073558,24.0,1,99.0,-1.5042424242424235
1,43.0,-0.0040797583333333,1,79.77281715092259,41.0,1,99.0,-62.09434343434344
1,55.0,-0.0102083239723239,0,0.0,0.0,1,99.0,-140.2689898989899
0,0.0,0.0,1,245.0046282011725,31.0,1,99.0,-54.74222222222222
0,0.0,0.0,0,0.0,0.0,0,0.0,0.0
1,55.0,-0.0265552451814058,1,3085.035211267606,40.0,1,99.0,-4.32979797979798
0,0.0,0.0,0,0.0,0.0,0,0.0,0.0
0,0.0,0.0,1,612.4102997045168,36.0,1,99.0,3.356161616161616
0,0.0,0.0,0,0.0,0.0,1,99.0,2.77848484848485
0,0.0,0.0,1,271.563013673886,19.0,1,99.0,-41.110505050505054
0,0.0,0.0,0,0.0,0.0,0,0.0,0.0
1,72.0,-0.0128832946428571,1,1031.7073170731708,24.0,1,99.0,-3.5465656565656567
1,28.0,-0.0130279183201058,1,1183.0741892492224,26.0,1,99.0,9.10909090909091
1,1.0,0.9382033333333334,0,0.0,0.0,0,0.0,0.0
1,51.0,0.0188505456349206,1,191.2343665035345,38.0,0,0.0,0.0
1,79.0,0.0149387936507936,0,0.0,0.0,0,0.0,0.0
0,51.0,-0.0028648333333333,1,0.0,41.0,1,99.0,-22.933333333333334
0,0.0,0.0,0,0.0,0.0,1,99.0,0.2427272727272718
0,0.0,0.0,1,159.3978128106803,26.0,1,38.0,10.39263157894737
0,0.0,0.0,0,0.0,0.0,1,99.0,-40.09535353535354
0,0.0,0.0,1,0.0,40.0,0,0.0,0.0
0,0.0,0.0,1,0.0,32.0,0,0.0,0.0
1,63.0,-0.0148798602292768,1,232.0572893643356,39.0,1,99.0,2.246666666666667
0,0.0,0.0,1,0.0,40.0,0,0.0,0.0
1,96.0,-0.0056889115884115,1,37.995280743151376,48.0,1,99.0,-89.42060606060606
1,21.0,0.0332455714285714,0,0.0,0.0,1,69.0,-3.8556521739130414
0,31.0,0.0089129861111111,0,0.0,0.0,1,99.0,-45.64060606060606
0,23.0,0.0218585185185185,1,0.0,12.0,1,99.0,-0.643939393939395
1,55.0,-0.0542477142857142,0,0.0,0.0,1,99.0,-21.497474747474747
0,0.0,0.0,0,0.0,0.0,0,0.0,0.0
1,32.0,-0.0200539545454545,0,0.0,0.0,0,0.0,0.0
0,74.0,0.0166868645901819,0,0.0,0.0,0,0.0,0.0
0,44.0,-0.0033998232323232,1,14.340861020743032,31.0,1,99.0,20.595454545454547
1,66.0,-0.0188213955026455,1,30.21537881588772,36.0,1,99.0,-37.54434343434343
1,30.0,-0.0341002777777777,1,115.8162893951525,21.0,1,43.0,-18.21325581395349
1,33.0,0.0635477961672473,1,17.126333116797113,23.0,1,13.0,6.556923076923076
1,22.0,-0.0048696969696969,1,0.0,26.0,0,0.0,0.0
1,65.0,0.0008200438912938,1,1876.4365802382624,22.0,1,99.0,-21.700000000000003
1,40.0,-0.0172040303030303,0,0.0,0.0,0,0.0,0.0
0,34.0,-0.0103800034722222,1,188.3142857142857,12.0,1,15.0,58.172
1,22.0,-0.00417125,0,0.0,0.0,0,0.0,0.0
0,0.0,0.0,1,0.0,18.0,0,0.0,0.0
0,51.0,0.0043384199134199,0,0.0,0.0,1,99.0,-28.464949494949497
0,0.0,0.0,1,70.52706339225792,40.0,0,0.0,0.0
0,83.0,0.001591912037037,1,101.61595034073274,40.0,1,99.0,-1.9217171717171757
0,0.0,0.0,1,0.0,22.0,0,0.0,0.0
0,0.0,0.0,1,0.0,21.0,0,0.0,0.0
1,63.0,-0.0335395414462081,1,111.30860286352808,46.0,1,99.0,-34.52959595959596
1,32.0,-0.0231464285714285,0,0.0,0.0,1,99.0,-69.8310101010101
1,34.0,0.0079693611111111,1,18.676207513416816,12.0,1,51.0,-15.056666666666668
0,0.0,0.0,0,0.0,0.0,0,0.0,0.0
1,26.0,0.0091002525252525,1,0.0,25.0,1,16.0,-74.53
0,49.0,-0.0004949611111111,1,10.085077397726817,40.0,1,99.0,-1.791818181818182
0,48.0,-0.0153197878571428,0,0.0,0.0,1,99.0,-23.014545454545456
1,54.0,-0.0045342222222222,1,79.28267594740913,40.0,1,99.0,-26.87525252525252
0,75.0,0.0198259814814814,0,0.0,0.0,1,99.0,-39.8739393939394
1,49.0,0.0447481212121212,0,0.0,0.0,1,99.0,12.541616161616163
0,47.0,-0.0173327104377104,1,0.0,31.0,1,99.0,-23.973333333333336
0,16.0,-0.0688398989898989,1,0.0,25.0,1,99.0,-22.90131313131313
0,0.0,0.0,1,40.48201845226888,12.0,0,0.0,0.0
0,38.0,-0.0291837777777777,1,78.31989675343178,31.0,1,99.0,-1.210303030303029
1,55.0,-0.0037778214285714,1,545.957861280566,23.0,1,99.0,-23.474545454545456
0,17.0,-0.0451529761904761,0,0.0,0.0,0,0.0,0.0
0,25.0,-0.0460623412698412,0,0.0,0.0,1,24.0,-10.367916666666668
1,60.0,0.0045586481481481,0,0.0,0.0,1,99.0,-39.383434343434345
0,0.0,0.0,0,0.0,0.0,1,99.0,-27.276666666666664
1,38.0,0.0123943889443889,0,0.0,0.0,1,99.0,37.13747474747474
1,39.0,-0.0328437222222222,1,0.0,31.0,1,99.0,-2.444343434343434
0,0.0,0.0,0,0.0,0.0,1,99.0,-8.781616161616162
1,69.0,-0.026402738095238,1,754.6564352982211,38.0,1,99.0,-40.31020202020202
0,0.0,0.0,0,0.0,0.0,1,79.0,21.40822784810127
0,0.0,0.0,0,0.0,0.0,1,99.0,-1.3909090909090904
1,106.0,-0.013872655076405,0,0.0,0.0,1,99.0,-41.9529292929293
1,20.0,0.0238010912698412,1,383.0689213559499,21.0,1,45.0,1.7571111111111115
0,52.0,-0.0025768612596553,1,0.0,12.0,1,99.0,-5.663838383838383
1,42.0,-0.0021236111111111,1,30.12153467312733,33.0,1,99.0,5.171616161616162
1,52.0,-0.056735139520202,1,305.1014969128948,26.0,1,99.0,-53.5269696969697
0,0.0,0.0,1,530.5498675018068,12.0,1,91.0,-34.487582417582416
1,84.0,-0.0009809050461323,0,0.0,0.0,1,99.0,-41.269090909090906
1,64.0,0.0005290621693121,0,0.0,0.0,1,99.0,-22.82
0,41.0,-0.0156578848484848,1,79.63721853161937,62.0,0,0.0,0.0
0,0.0,0.0,1,376.3710578523704,7.0,1,4.0,-4.7975
1,94.0,-0.0181070974950974,1,0.0,40.0,1,99.0,-1.7795959595959598
0,0.0,0.0,1,154.10817718000615,40.0,1,99.0,-0.3647474747474789
0,0.0,0.0,1,0.0,12.0,0,0.0,0.0
1,104.0,-0.0090926721039377,0,0.0,0.0,1,99.0,-24.950000000000003
0,0.0,0.0,1,0.0,12.0,1,32.0,-11.489375
1,28.0,-0.0179681423611111,1,201.7324603989236,21.0,1,99.0,-64.64494949494949
1,86.0,0.0085689343203093,1,18.311526848617607,43.0,1,99.0,-1.7405050505050517
0,0.0,0.0,0,0.0,0.0,1,99.0,-2.91010101010101
1,112.0,0.0020603010771635,1,1143.5489450017294,40.0,1,99.0,-68.24818181818182
0,26.0,-0.0384615384615384,0,0.0,0.0,1,99.0,-4.062929292929293
0,16.0,-0.0217767857142857,1,25.40940857411077,26.0,1,99.0,-22.355050505050507
0,0.0,0.0,0,0.0,0.0,0,0.0,0.0
0,0.0,0.0,1,0.0,12.0,0,0.0,0.0
0,52.0,-0.0324308827419856,1,0.0,26.0,0,0.0,0.0
1,21.0,0.006797,1,30.90542966665049,12.0,1,11.0,3.360909090909089
1,55.0,0.0046358531746031,1,109.0580186817524,17.0,1,99.0,-19.122727272727275
0,0.0,0.0,0,0.0,0.0,1,99.0,-2.2070707070707067
0,0.0,0.0,0,0.0,0.0,0,0.0,0.0
0,0.0,0.0,0,0.0,0.0,0,0.0,0.0
1,51.0,-0.0021153431984681,1,257.9711231951997,12.0,1,85.0,-52.68882352941176
0,0.0,0.0,0,0.0,0.0,1,99.0,-26.42686868686869
0,0.0,0.0,0,0.0,0.0,1,99.0,-25.40232323232323
1,40.0,0.0019195948203842,0,0.0,0.0,1,40.0,-33.26475
0,0.0,0.0,0,0.0,0.0,1,99.0,-54.720101010101
1,73.0,0.0047397800925925,1,0.0,45.0,0,0.0,0.0
0,23.0,-0.0220894047619047,0,0.0,0.0,1,99.0,-47.24707070707071
1,54.0,-0.0193280303030303,1,19.97686324387547,48.0,1,99.0,11.883131313131312
0,0.0,0.0,0,0.0,0.0,1,99.0,-41.54060606060607
0,19.0,-0.0275541666666666,0,0.0,0.0,1,99.0,3.3991919191919195
1,46.0,-0.009320553030303,0,0.0,0.0,1,65.0,-1.750307692307692
0,29.0,-0.0193562121212121,1,0.0,19.0,1,99.0,-1.0427272727272727
1,59.0,-0.0047461269841269,0,0.0,0.0,1,99.0,6.565252525252524
1,38.0,-0.0053747222222222,1,154.44558110572433,21.0,1,99.0,10.382828282828282
0,0.0,0.0,0,0.0,0.0,0,0.0,0.0
0,23.0,-0.0043941919191919,1,1095.4682053131387,39.0,0,0.0,0.0
1,49.0,-0.0060072564935064,0,0.0,0.0,0,0.0,0.0
1,31.0,-0.0217219007936507,1,92.2929332366557,26.0,1,61.0,-3.8875409836065566
0,0.0,0.0,0,0.0,0.0,0,0.0,0.0
1,50.0,-0.0077333796296296,1,220.657207424147,31.0,1,99.0,-14.596565656565655
1,60.0,-0.016680615079365,1,310.11342155009453,24.0,1,99.0,-0.9042424242424252
1,36.0,-0.0115045932539682,1,0.0,12.0,1,66.0,-0.1107575757575771
0,23.0,-0.0013024242424242,1,21.65103331607984,25.0,1,99.0,-0.6506060606060603
0,0.0,0.0,1,0.0,34.0,0,0.0,0.0
0,0.0,0.0,0,0.0,0.0,1,99.0,1.0749494949494944
0,0.0,0.0,1,147.17397562613954,32.0,0,0.0,0.0
0,17.0,-0.0127671874999999,1,0.0,23.0,1,17.0,-24.54588235294117
0,0.0,0.0,0,0.0,0.0,0,0.0,0.0
1,26.0,0.0002199382716049,1,431.8766066838047,26.0,1,99.0,-34.424646464646464
1,38.0,0.0031858716475095,0,0.0,0.0,1,99.0,-110.31767676767676
0,0.0,0.0,1,32.93719462118509,33.0,1,99.0,-1.9429292929292936
0,0.0,0.0,1,1671.4689992281967,27.0,1,99.0,2.0106060606060607
0,0.0,0.0,0,0.0,0.0,1,99.0,-26.50141414141414
0,0.0,0.0,1,0.0,40.0,0,0.0,0.0
0,20.0,-0.0712555555555555,1,0.0,38.0,0,0.0,0.0
0,0.0,0.0,1,1316.1171099355024,29.0,0,0.0,0.0
1,55.0,-0.0043501894196025,1,127.85615685173488,22.0,1,99.0,-74.50868686868688
0,0.0,0.0,1,85.76656219996015,31.0,0,0.0,0.0
0,0.0,0.0,0,0.0,0.0,1,99.0,7.5820202020202
0,0.0,0.0,1,0.0,30.0,1,99.0,-40.93252525252525
0,0.0,0.0,0,0.0,0.0,1,99.0,-41.58878787878788
0,10.0,-0.0389233333333333,1,32.145290327603995,25.0,1,99.0,-24.226262626262628
1,70.0,-0.0240802843915343,1,109.89332040247302,47.0,1,99.0,-4.65070707070707
1,11.0,0.0436824999999999,0,0.0,0.0,1,99.0,-14.90686868686869
0,0.0,0.0,0,0.0,0.0,1,99.0,-28.85717171717172
1,34.0,-0.000209623015873,1,1156.8613300766071,28.0,0,0.0,0.0
0,0.0,0.0,1,552.3571920165176,25.0,1,25.0,-37.6048
1,42.0,-0.0249023181216931,1,1517.1277169031794,18.0,1,99.0,-30.61292929292929
0,0.0,0.0,1,0.0,29.0,0,0.0,0.0
1,5.0,0.07968375,0,0.0,0.0,1,68.0,-4.571323529411767
0,0.0,0.0,0,0.0,0.0,0,0.0,0.0
0,65.0,-0.0017264711556559,0,0.0,0.0,0,0.0,0.0
0,0.0,0.0,1,0.0,33.0,0,0.0,0.0
1,69.0,-0.0111284775558969,0,0.0,0.0,0,0.0,0.0
0,0.0,0.0,0,0.0,0.0,0,0.0,0.0
1,23.0,0.0618453809523809,1,1007.2515212981745,12.0,0,0.0,0.0
0,16.0,-0.0653337928153717,1,46.992240067412055,21.0,1,99.0,-44.65393939393939
1,81.0,-0.029947775125758,1,1692.5465838509317,51.0,1,99.0,-2.122727272727274
1,12.0,0.0358055194805194,1,38.29140991848063,24.0,1,99.0,-27.73444444444445
1,51.0,0.0002154545454545,1,20.31311608488925,22.0,1,99.0,-0.8875757575757579
1,54.0,0.012553166005291,1,16.081770335900508,40.0,1,99.0,-18.14989898989899
0,30.0,-0.0194290324074074,0,0.0,0.0,1,99.0,-2.076666666666667
1,34.0,-0.0420770833333333,0,0.0,0.0,0,0.0,0.0
1,21.0,0.02308725,1,0.0,21.0,1,41.0,-31.71243902439025
1,48.0,-0.0423736476608187,1,911.864406779661,12.0,1,59.0,-7.6464406779661
1,43.0,0.0213691554520358,1,136.56003867614768,51.0,1,99.0,16.41848484848485
0,36.0,-0.0232042803030303,1,49.61220363903694,24.0,1,99.0,-11.614848484848483
1,79.0,-0.0043811837121212,1,33.075424296910725,33.0,1,99.0,-22.50414141414141
0,0.0,0.0,1,112.82088681446908,34.0,1,99.0,-1.1480808080808098
1,25.0,-0.0074076372549019,0,0.0,0.0,1,99.0,-35.923434343434344
1,26.0,-0.0027229375,0,0.0,0.0,1,56.0,10.187678571428572
1,48.0,-0.0051093939393939,1,163.9890650845376,36.0,1,99.0,25.64888888888889
1,49.0,0.0484660971557682,0,0.0,0.0,1,99.0,-1.7131313131313108
1,55.0,0.0011829583333333,1,26.080036628040077,40.0,1,99.0,-20.89030303030303
1,33.0,-0.0196330297619047,0,0.0,0.0,1,19.0,-107.69684210526316
0,0.0,0.0,0,0.0,0.0,1,99.0,-3.373636363636363
1,5.0,0.1205677777777777,0,0.0,0.0,0,0.0,0.0
1,49.0,0.025097093563988,0,0.0,0.0,1,99.0,-174.5157575757576
1,43.0,0.002228141025641,1,602.037037037037,15.0,1,99.0,-36.65464646464646
0,0.0,0.0,1,0.0,12.0,1,99.0,0.9667676767676764
1,55.0,0.019547547398589,1,9.474264549965364,33.0,1,99.0,-25.43575757575757
0,0.0,0.0,0,0.0,0.0,0,0.0,0.0
1,29.0,0.025284365079365,1,26693.723849372385,21.0,0,0.0,0.0
0,0.0,0.0,0,0.0,0.0,1,99.0,-97.29090909090908
1,76.0,0.001642022111875,0,0.0,0.0,1,99.0,-24.56616161616162
1,47.0,-0.0106879398148148,1,255.9647188533627,16.0,1,99.0,-17.07050505050505
1,48.0,0.0164296338383838,1,0.0,24.0,1,82.0,-29.095243902439023
0,0.0,0.0,1,0.0,12.0,0,0.0,0.0
1,55.0,-0.0045929621212121,0,0.0,0.0,0,0.0,0.0
1,77.0,0.0377401719576719,0,0.0,0.0,1,99.0,2.6172727272727268
0,0.0,0.0,1,105.30123701893709,40.0,1,99.0,1.1745454545454554
0,55.0,0.038419352092352,0,0.0,0.0,1,99.0,-38.22020202020202
0,0.0,0.0,0,0.0,0.0,0,0.0,0.0
0,0.0,0.0,0,0.0,0.0,0,0.0,0.0
0,0.0,0.0,1,0.0,26.0,0,0.0,0.0
0,0.0,0.0,0,0.0,0.0,0,0.0,0.0
0,0.0,0.0,1,0.0,38.0,1,99.0,4.882323232323236
1,50.0,-0.0153585376845376,1,109.95391705069125,21.0,1,99.0,-25.641313131313133
0,0.0,0.0,1,53.24117869643364,28.0,1,52.0,-3.04673076923077
1,42.0,0.0021046125541125,1,18.66348237583477,24.0,1,24.0,-3.27375
0,0.0,0.0,0,0.0,0.0,1,99.0,-16.5649494949495
0,0.0,0.0,0,0.0,0.0,1,99.0,-2.068383838383837
1,24.0,0.022665404040404,1,433.5697711986372,24.0,0,0.0,0.0
1,57.0,-0.0116406666666666,0,0.0,0.0,1,99.0,-27.15232323232323
1,43.0,-0.0320903928571428,1,110.99623251733216,27.0,1,99.0,0.4033333333333332
1,21.0,0.0136552083333333,1,447.1185031185031,12.0,1,52.0,-28.899807692307693
1,1.0,0.610848951048951,1,378.09551497211726,12.0,1,99.0,-75.02636363636363
1,51.0,-7.020938552188634e-05,0,0.0,0.0,1,99.0,-1.8426262626262624
0,38.0,-0.0238283611111111,1,59.2229180610001,31.0,1,99.0,18.96848484848485
0,0.0,0.0,1,21.64441321152495,26.0,0,0.0,0.0
0,0.0,0.0,0,0.0,0.0,1,99.0,-73.63828282828283
0,0.0,0.0,0,0.0,0.0,1,24.0,-3.268333333333333
0,0.0,0.0,0,0.0,0.0,0,0.0,0.0
0,0.0,0.0,0,0.0,0.0,0,0.0,0.0
0,19.0,0.0071709876543209,1,0.0,25.0,1,99.0,-3.2762626262626267
1,40.0,0.0127993580246913,0,0.0,0.0,1,23.0,1.9108695652173904
0,0.0,0.0,0,0.0,0.0,0,0.0,0.0
0,0.0,0.0,0,0.0,0.0,0,0.0,0.0
1,38.0,-0.032589558080808,0,0.0,0.0,1,99.0,-25.72373737373737
1,43.0,-0.0142941607142857,1,376.3786242183058,40.0,1,99.0,-12.695555555555558
0,0.0,0.0,0,0.0,0.0,0,0.0,0.0
0,0.0,0.0,1,323.36177013927806,12.0,1,99.0,-11.212424242424245
0,13.0,-0.0769230769230769,0,0.0,0.0,1,99.0,-23.75333333333333
0,0.0,0.0,1,28.534090060488385,33.0,1,99.0,-1.784040404040404
0,0.0,0.0,1,0.0,37.0,0,0.0,0.0
0,0.0,0.0,1,0.0,40.0,0,0.0,0.0
0,0.0,0.0,0,0.0,0.0,1,22.0,-7.412727272727272
0,0.0,0.0,0,0.0,0.0,1,99.0,-27.053838383838382
1,5.0,0.0995566666666666,0,0.0,0.0,1,99.0,-7.276464646464645
0,0.0,0.0,1,0.0,26.0,0,0.0,0.0
1,64.0,-0.0037937072172619,1,527.0625456315405,24.0,1,99.0,-1.00949494949495
1,3.0,0.3431766666666667,1,0.0,22.0,0,0.0,0.0
0,0.0,0.0,0,0.0,0.0,0,0.0,0.0
1,44.0,0.0023064219576719,0,0.0,0.0,1,99.0,-1.6859595959595963
0,0.0,0.0,0,0.0,0.0,0,0.0,0.0
0,19.0,-0.0297755128205128,1,0.0,22.0,1,99.0,4.473939393939394
0,0.0,0.0,1,0.0,24.0,0,0.0,0.0
1,32.0,0.0299619583333333,1,779.542164799228,12.0,1,73.0,-0.1510958904109599
1,21.0,-0.0651867727272727,1,101.8275185017369,12.0,1,36.0,1.937499999999997
1,12.0,0.0803785714285714,1,257.2673963354156,12.0,0,0.0,0.0
0,17.0,0.0171178611111111,1,24.290131907423216,12.0,0,0.0,0.0
0,0.0,0.0,0,0.0,0.0,0,0.0,0.0
0,53.0,-0.0213287585034013,1,0.0,32.0,1,99.0,-34.35323232323233
0,0.0,0.0,0,0.0,0.0,0,0.0,0.0
1,12.0,0.0957842592592592,0,0.0,0.0,1,77.0,-4.605194805194802
1,47.0,0.0295963086749851,1,27.358000212189484,55.0,1,99.0,-69.7590909090909
0,0.0,0.0,1,108.87905922969036,12.0,1,49.0,2.9410204081632654
0,0.0,0.0,0,0.0,0.0,1,99.0,-18.386666666666663
0,0.0,0.0,0,0.0,0.0,0,0.0,0.0
0,0.0,0.0,0,0.0,0.0,1,99.0,13.231919191919191
0,27.0,-0.0345562094630515,1,98.63251888210682,40.0,1,99.0,-24.98020202020201
0,0.0,0.0,1,332.967032967033,14.0,1,54.0,-4.816851851851852
0,0.0,0.0,1,81.31875306022522,55.0,1,99.0,-25.780202020202022
1,109.0,0.0050511901260349,0,0.0,0.0,1,99.0,7.02919191919192
1,98.0,-0.0080215130664089,1,11.658297875737423,31.0,1,99.0,-25.288080808080807
0,0.0,0.0,0,0.0,0.0,0,0.0,0.0
0,0.0,0.0,1,0.0,28.0,1,99.0,-1.349494949494951
1,32.0,0.0771147575757575,1,128.51334629662364,26.0,1,99.0,-2.474646464646466
0,0.0,0.0,0,0.0,0.0,0,0.0,0.0
0,0.0,0.0,0,0.0,0.0,0,0.0,0.0
1,45.0,-0.0009248989898989,1,0.0,38.0,1,99.0,-26.902222222222218
0,0.0,0.0,0,0.0,0.0,1,99.0,-41.50909090909091
0,48.0,-0.0074218001089324,0,0.0,0.0,0,0.0,0.0
0,0.0,0.0,0,0.0,0.0,0,0.0,0.0
1,44.0,-0.0251856212121212,1,15.019861254144834,22.0,1,99.0,14.38949494949495
1,65.0,0.0124543355285376,1,46.05856761598362,41.0,1,99.0,1.998888888888888
1,69.0,-0.0042016538875437,1,415.1591819523509,40.0,1,99.0,23.664343434343436
0,44.0,0.0512256565656565,1,2.888066656209344,27.0,1,99.0,-24.56040404040404
1,60.0,0.0024433849206349,0,0.0,0.0,1,99.0,-1.8496969696969692
0,0.0,0.0,1,537.9611265370885,39.0,1,99.0,-42.01282828282829
1,51.0,-0.0129748552489177,0,0.0,0.0,1,99.0,-1.5505050505050513
1,80.0,-0.0303221772486772,0,0.0,0.0,1,99.0,-1.3367676767676795
1,45.0,-0.0118965277777777,0,0.0,0.0,1,99.0,-2.4853535353535383
1,39.0,-0.0192467936507936,1,258.85861302771605,25.0,1,56.0,-3.0260714285714303
1,40.0,-0.0168208441558441,1,411.2722519606623,31.0,1,99.0,-2.8622222222222224
0,0.0,0.0,1,257.95797573246523,22.0,0,0.0,0.0
1,53.0,-0.0017231041666666,1,26.376956558338986,7.0,1,93.0,4.501720430107528
1,71.0,0.0156716666666666,1,151.49654643131237,31.0,1,99.0,-0.1904040404040408
1,57.0,-0.0018459096459096,1,15.052929641298975,36.0,1,99.0,-35.77626262626263
0,0.0,0.0,1,88.75535140920442,36.0,0,0.0,0.0
0,0.0,0.0,0,0.0,0.0,0,0.0,0.0
1,38.0,-0.014429601275917,0,0.0,0.0,0,0.0,0.0
0,0.0,0.0,1,268.2922048648543,25.0,1,99.0,0.0633333333333332
0,0.0,0.0,0,0.0,0.0,1,99.0,4.552121212121213
1,33.0,0.0003037424242424,1,604.7272011030135,36.0,1,99.0,-24.85515151515152
0,0.0,0.0,1,463.0836786443194,17.0,1,99.0,-49.66171717171717
0,19.0,-0.037773923444976,1,116.00942655145327,12.0,0,0.0,0.0
0,0.0,0.0,1,0.0,24.0,0,0.0,0.0
0,0.0,0.0,1,238.23782763854135,12.0,1,65.0,-56.5963076923077
0,10.0,-0.1303607142857143,1,2.204351308061933,21.0,1,81.0,-31.397037037037038
0,0.0,0.0,0,0.0,0.0,1,98.0,-2.092959183673471
0,0.0,0.0,1,0.0,12.0,1,39.0,-7.808205128205129
1,31.0,0.0181949781799512,1,26.313766881042707,12.0,1,82.0,-59.6509756097561
1,44.0,0.0034797718253968,1,5.868715133903747,23.0,0,0.0,0.0
1,77.0,0.012672560515873,1,709.0829694323144,31.0,1,99.0,-1.14
0,12.0,-0.0629610714285714,0,0.0,0.0,0,0.0,0.0
0,35.0,0.0030221418732782,1,0.0,12.0,1,99.0,-55.76434343434344
0,58.0,0.0180136409542374,1,0.0,24.0,1,99.0,-7.876363636363639
0,0.0,0.0,0,0.0,0.0,1,61.0,15.3827868852459
1,41.0,-0.0148401818783068,0,0.0,0.0,1,99.0,-1.8689898989899003
1,86.0,-0.007557367003367,0,0.0,0.0,1,99.0,3.341010101010101
1,50.0,0.0043967247050335,1,1208.588493905011,21.0,1,99.0,-77.15505050505051
1,60.0,0.0028627526455026,1,0.0,36.0,1,99.0,-9.274747474747477
0,0.0,0.0,0,0.0,0.0,0,0.0,0.0
1,25.0,0.0323754,0,0.0,0.0,1,99.0,-1.612828282828283
0,0.0,0.0,1,0.0,30.0,1,99.0,-1.5228282828282833
0,0.0,0.0,1,21.55875379467748,26.0,1,39.0,0.152564102564103
1,57.0,-0.0080248154761904,1,44.12293072010491,40.0,0,0.0,0.0
1,55.0,0.0199424583333333,0,0.0,0.0,1,99.0,-24.32111111111111
1,48.0,-0.040561746031746,1,26.33140423318269,31.0,1,99.0,-42.54464646464646
1,48.0,-0.0146201851851851,0,0.0,0.0,1,99.0,-22.995555555555555
1,30.0,0.0160085339506172,1,823.087090615362,12.0,1,99.0,-10.444444444444445
0,0.0,0.0,0,0.0,0.0,0,0.0,0.0
0,0.0,0.0,0,0.0,0.0,1,73.0,0.6653424657534249
1,15.0,0.0172365909090909,1,705.5542002114337,21.0,1,42.0,-9.78452380952381
0,0.0,0.0,1,207.9990851653849,23.0,1,99.0,6.877777777777776
0,23.0,-0.0159545833333333,0,0.0,0.0,1,99.0,6.191212121212122
1,32.0,-0.0132248166666666,1,0.0,12.0,1,99.0,-1.9527272727272729
0,0.0,0.0,0,0.0,0.0,0,0.0,0.0
0,0.0,0.0,0,0.0,0.0,1,99.0,-1.2986868686868651
0,0.0,0.0,1,0.0,28.0,0,0.0,0.0
1,65.0,-0.0009350502645502,1,2.1931450972082427,35.0,0,0.0,0.0
0,28.0,0.0139501873015873,1,17.77253114060083,12.0,1,99.0,-18.815959595959598
0,0.0,0.0,0,0.0,0.0,1,99.0,-22.59828282828283
1,48.0,0.0115082502145002,0,0.0,0.0,1,99.0,-2.696565656565656
1,20.0,-0.0175098148148148,1,84.2767569450492,23.0,1,99.0,-27.28737373737373
1,13.0,0.0754524285714285,0,0.0,0.0,1,74.0,-91.9768918918919
0,0.0,0.0,1,0.0,12.0,1,38.0,-6.245526315789474
0,0.0,0.0,0,0.0,0.0,0,0.0,0.0
0,0.0,0.0,1,0.0,37.0,0,0.0,0.0
1,22.0,0.0239498171368861,0,0.0,0.0,0,0.0,0.0
1,77.0,0.0077141038359788,1,266.8412148553936,25.0,1,99.0,-22.58484848484849
0,27.0,-0.0034238333333333,1,7.57248981548047,12.0,1,32.0,-22.4775
1,1.0,0.48813,1,56.75050745741771,12.0,1,99.0,-33.454949494949496
0,42.0,0.0633090412698412,1,50.2213172213506,40.0,1,99.0,-8.660808080808081
1,54.0,-0.013746887755102,1,81.27059813477317,33.0,1,99.0,5.953030303030302
0,59.0,0.0867489757395382,1,0.0,36.0,1,99.0,-10.113232323232324
1,69.0,-0.0122295744648869,1,143.6293157847291,26.0,1,99.0,-50.30303030303031
1,84.0,-0.0016403130511463,1,51.900902513230896,26.0,1,99.0,-22.134949494949492
1,40.0,-0.0021798434343434,1,46.21112643983844,20.0,1,99.0,1.7219191919191907
0,21.0,-0.0109268569415081,0,0.0,0.0,1,99.0,-6.229090909090909
1,40.0,-0.0118876656676656,1,73.33262464122463,21.0,1,99.0,-8.632525252525252
0,0.0,0.0,1,16.573769032143176,21.0,1,99.0,-36.22939393939394
0,42.0,-0.0270905694444444,1,0.0,22.0,1,99.0,-19.40252525252525
0,12.0,-0.1070960905349794,1,0.0,27.0,1,99.0,-101.50171717171716
1,44.0,-0.0041992013888888,1,10.998026335169529,33.0,1,99.0,-18.68404040404041
1,33.0,-0.0018516652236652,1,23.94461239473116,26.0,0,0.0,0.0
0,0.0,0.0,1,157.6041341518399,12.0,1,99.0,-2.405858585858585
1,51.0,-0.0492027314814814,0,0.0,0.0,1,99.0,3.576161616161618
0,0.0,0.0,1,0.0,54.0,0,0.0,0.0
0,0.0,0.0,1,40.33606603041822,25.0,1,99.0,-124.96909090909092
0,24.0,-0.0281634166666666,1,3.634052982737492,12.0,1,80.0,-32.422250000000005
1,16.0,-0.0036302083333333,0,0.0,0.0,1,81.0,-16.969506172839505
0,89.0,0.0779763907910271,0,0.0,0.0,1,99.0,-0.2970707070707065
1,42.0,0.0540195535714285,1,765.8458877611397,22.0,0,0.0,0.0
1,40.0,-0.0121270555555555,0,0.0,0.0,1,24.0,-20.80375
0,0.0,0.0,1,0.0,26.0,0,0.0,0.0
0,0.0,0.0,1,11.086603702088413,22.0,1,91.0,-1.646373626373625
0,0.0,0.0,0,0.0,0.0,0,0.0,0.0
0,0.0,0.0,0,0.0,0.0,1,99.0,-4.042323232323233
0,0.0,0.0,1,0.0,32.0,0,0.0,0.0
0,0.0,0.0,0,0.0,0.0,1,57.0,-2.20719298245614
1,12.0,0.0796191818181818,0,0.0,0.0,1,91.0,-3.420879120879122
1,22.0,0.0054304320987654,0,0.0,0.0,1,28.0,-8.151428571428571
0,0.0,0.0,1,0.0,4.0,0,0.0,0.0
0,32.0,-0.0351851527777777,1,435.6395007957115,6.0,1,99.0,-15.65979797979798
1,48.0,-0.0407014642857142,1,144.88276436592096,36.0,1,99.0,1.2762626262626244
0,0.0,0.0,0,0.0,0.0,1,57.0,-105.52508771929826
0,0.0,0.0,1,0.0,40.0,1,99.0,-0.416363636363637
1,60.0,0.0052016767676767,1,57.46157289956722,27.0,0,0.0,0.0
1,37.0,-0.0280337638888888,1,341.3049879276839,12.0,1,56.0,6.158035714285716
1,7.0,0.1425799999999999,0,0.0,0.0,1,53.0,-31.25622641509434
0,0.0,0.0,1,0.0,26.0,0,0.0,0.0
0,13.0,-0.0384675,1,0.0,12.0,1,55.0,-3.347636363636361
0,0.0,0.0,0,0.0,0.0,0,0.0,0.0
1,31.0,0.0029927,1,0.0,23.0,0,0.0,0.0
1,12.0,0.0620355999999999,1,26.576583621359276,12.0,1,12.0,0.8716666666666667
1,73.0,0.0026557692307692,0,0.0,0.0,0,0.0,0.0
1,30.0,-0.0113266007905138,1,974.0363419719988,12.0,1,99.0,-3.49252525252525
0,0.0,0.0,0,0.0,0.0,0,0.0,0.0
0,0.0,0.0,1,0.0,40.0,1,99.0,1.0288888888888887
0,0.0,0.0,0,0.0,0.0,1,79.0,-1.6046835443037972
1,47.0,-0.0163955714285714,0,0.0,0.0,0,0.0,0.0
0,41.0,-0.0303115565134099,1,0.0,32.0,1,99.0,-56.0960606060606
0,0.0,0.0,0,0.0,0.0,0,0.0,0.0
0,0.0,0.0,0,0.0,0.0,1,99.0,-2.1697979797979787
0,0.0,0.0,1,29.41304675842876,21.0,1,99.0,-27.01666666666667
0,0.0,0.0,0,0.0,0.0,0,0.0,0.0
0,0.0,0.0,0,0.0,0.0,0,0.0,0.0
0,0.0,0.0,0,0.0,0.0,0,0.0,0.0
0,0.0,0.0,0,0.0,0.0,1,99.0,-21.931212121212123
1,59.0,-0.0100382986111111,0,0.0,0.0,1,99.0,-26.841212121212124
0,0.0,0.0,0,0.0,0.0,0,0.0,0.0
1,40.0,-0.0370698636363636,1,89.8303948515117,12.0,0,0.0,0.0
1,29.0,-0.0225127445226917,1,509.8969626377565,25.0,1,99.0,-12.570404040404044
1,70.0,-0.0427510123857623,0,0.0,0.0,1,99.0,0.0335353535353536
0,0.0,0.0,1,0.0,51.0,0,0.0,0.0
0,36.0,0.0016403472222222,0,0.0,0.0,1,99.0,8.292424242424241
0,0.0,0.0,0,0.0,0.0,0,0.0,0.0
1,48.0,0.002415848765432,1,838.5542168674699,31.0,1,99.0,7.608181818181819
0,69.0,0.036179797017797,0,0.0,0.0,1,99.0,-5.007575757575755
0,16.0,-0.0359028921568627,0,0.0,0.0,1,99.0,-25.90363636363636
0,29.0,-0.0283393683862433,0,0.0,0.0,0,0.0,0.0
0,0.0,0.0,0,0.0,0.0,0,0.0,0.0
0,53.0,0.0030687571749238,1,0.0,22.0,1,99.0,-0.5072727272727279
0,0.0,0.0,1,14.373439503340306,13.0,1,99.0,-0.1863636363636369
1,54.0,0.0252655244976603,1,31.36254048436216,38.0,1,99.0,-98.9319191919192
0,0.0,0.0,1,125.7062726588686,27.0,1,99.0,-3.211010101010101
0,0.0,0.0,0,0.0,0.0,0,0.0,0.0
0,0.0,0.0,1,31.8437625619724,12.0,1,59.0,-60.5971186440678
0,13.0,-0.0322772916666666,1,14.111803140881127,21.0,1,59.0,8.132881355932204
1,155.0,-0.0001536679950665,0,0.0,0.0,1,99.0,7.542727272727269
0,0.0,0.0,1,0.0,12.0,1,43.0,-33.00813953488372
0,49.0,-0.0027470899470899,1,346.76442723565515,25.0,1,99.0,-4.810303030303028
0,0.0,0.0,0,0.0,0.0,0,0.0,0.0
0,0.0,0.0,1,30.676437429537767,37.0,1,99.0,-23.02969696969697
0,18.0,-0.04966,0,0.0,0.0,1,99.0,-18.63838383838384
1,26.0,-0.0295660523809523,1,25.841454837737366,18.0,1,99.0,-15.263030303030302
0,137.0,0.0031585430450581,1,0.0,55.0,0,0.0,0.0
0,0.0,0.0,0,0.0,0.0,1,99.0,0.8244444444444441
0,0.0,0.0,1,23.539322115065616,40.0,1,99.0,-42.89474747474748
0,0.0,0.0,1,38.16143409711178,27.0,1,99.0,-0.1318181818181825
0,0.0,0.0,0,0.0,0.0,0,0.0,0.0
0,0.0,0.0,1,42.32992090261751,48.0,0,0.0,0.0
0,0.0,0.0,1,71.90873849224408,12.0,0,0.0,0.0
1,84.0,0.0002007028218694,1,20.22988505747126,33.0,1,99.0,-24.742020202020203
1,82.0,0.0126975022045855,1,659.1745785700446,37.0,1,99.0,-0.0305050505050498
1,33.0,0.0062863863636363,0,0.0,0.0,1,99.0,-5.76919191919192
0,0.0,0.0,1,0.0,12.0,0,0.0,0.0
1,40.0,-0.0110666279992617,1,82.69658407816019,33.0,0,0.0,0.0
1,34.0,-0.0152443833333333,1,144.654551890967,28.0,0,0.0,0.0
1,13.0,0.0068487878787878,1,455.7766143106457,12.0,1,12.0,0.3699999999999999
1,31.0,0.0007562037037037,0,0.0,0.0,1,94.0,-50.29563829787234
1,59.0,-0.0200605703463203,0,0.0,0.0,1,99.0,-2.07050505050505
0,0.0,0.0,0,0.0,0.0,0,0.0,0.0
1,36.0,-0.0289504155844155,1,87.53577106518283,30.0,1,99.0,0.0141414141414142
0,0.0,0.0,1,0.0,33.0,0,0.0,0.0
0,0.0,0.0,1,26.12755133693157,11.0,1,99.0,-24.975757575757576
1,69.0,-3.181491728146641e-05,1,161.0610874954212,40.0,1,99.0,10.264646464646464
0,0.0,0.0,1,0.0,16.0,1,99.0,-22.980202020202015
0,30.0,-0.0333333333333333,1,0.0,30.0,1,99.0,-27.452222222222225
1,31.0,-0.0063498569023569,1,173.29324874538398,32.0,1,99.0,-1.664343434343433
0,34.0,0.0108744907407407,0,0.0,0.0,0,0.0,0.0
1,32.0,-0.0120190877525252,0,0.0,0.0,1,99.0,-34.61313131313132
0,0.0,0.0,1,0.0,26.0,1,99.0,1.0835353535353536
0,0.0,0.0,1,154.45667466688735,22.0,1,12.0,0.3175
1,28.0,0.06802558008658,0,0.0,0.0,1,99.0,-5.85030303030303
0,50.0,0.0959112784090909,1,27.58739395016213,23.0,1,99.0,-24.89
0,0.0,0.0,1,0.0,13.0,1,49.0,40.71877551020409
1,56.0,-0.0239690277777777,1,164.54073848031737,24.0,1,99.0,-0.9487878787878784
1,42.0,-0.0166333888888888,1,63.44292574806059,24.0,1,99.0,-1.3662626262626267
0,32.0,0.045942113095238,0,0.0,0.0,1,99.0,4.466565656565656
1,32.0,-0.0144202857142857,1,192.13716974303296,38.0,1,99.0,7.905353535353536
1,60.0,-0.0159870056216931,0,0.0,0.0,0,0.0,0.0
0,0.0,0.0,0,0.0,0.0,1,99.0,-59.40727272727273
0,0.0,0.0,0,0.0,0.0,1,95.0,-27.25968421052632
1,33.0,0.0173970666666666,0,0.0,0.0,0,0.0,0.0
0,0.0,0.0,0,0.0,0.0,1,99.0,0.3825252525252514
0,0.0,0.0,0,0.0,0.0,0,0.0,0.0
0,42.0,-0.0307758744331065,1,108.13356698481832,40.0,1,99.0,-36.14484848484849
0,18.0,-0.0380694444444444,1,1041.1322779715588,26.0,0,0.0,0.0
1,21.0,-0.0056126666666666,1,14.03258878059147,21.0,1,89.0,-2.1880898876404484
0,0.0,0.0,0,0.0,0.0,1,99.0,-68.42696969696969
1,41.0,-0.0335846111111111,1,35.19654376281969,45.0,1,99.0,-2.146464646464647
0,0.0,0.0,0,0.0,0.0,1,99.0,-1.0079797979797984
0,0.0,0.0,0,0.0,0.0,1,99.0,-2.863838383838383
0,0.0,0.0,1,0.0,40.0,0,0.0,0.0
0,45.0,-0.0021900729606188,1,0.0,16.0,0,0.0,0.0
1,35.0,0.0143674669312169,1,747.8656496721532,22.0,1,99.0,-7.151212121212121
0,21.0,-0.0365566666666666,1,253.38491295938104,24.0,1,99.0,-19.57989898989899
1,16.0,-0.0006694444444444,1,252.50259605399796,21.0,1,99.0,-25.682222222222222
1,23.0,0.0383925324675324,0,0.0,0.0,1,99.0,0.6666666666666592
1,40.0,0.0022955446355446,1,26.377813539629503,21.0,1,99.0,-31.90292929292929
0,0.0,0.0,1,0.0,26.0,0,0.0,0.0
1,44.0,0.0173122336459836,0,0.0,0.0,1,2.0,-0.75
0,0.0,0.0,0,0.0,0.0,0,0.0,0.0
0,0.0,0.0,1,0.0,21.0,0,0.0,0.0
0,20.0,-0.0629090909090909,1,0.0,26.0,1,99.0,-19.812929292929294
1,45.0,-0.0284616740152851,0,0.0,0.0,1,99.0,20.52878787878788
1,37.0,-0.0168758902116402,1,212.6421427990661,31.0,1,99.0,5.308181818181817
1,40.0,-0.0228225817805383,0,0.0,0.0,1,99.0,1.2738383838383862
0,0.0,0.0,0,0.0,0.0,0,0.0,0.0
0,0.0,0.0,1,8.8317455769644,12.0,1,70.0,-24.707714285714285
0,17.0,-0.0103498958333333,0,0.0,0.0,1,67.0,7.331641791044777
0,30.0,-0.0429886269841269,0,0.0,0.0,1,99.0,-34.79242424242424
0,0.0,0.0,1,35.79469133700361,31.0,1,99.0,4.246161616161616
1,38.0,0.0179590909090909,1,10.760601040485948,31.0,0,0.0,0.0
1,39.0,0.0210870881433381,1,150.5909705201915,21.0,1,99.0,2.3858585858585863
1,87.0,-0.000874880371172,1,230.5358472815648,33.0,1,99.0,-25.970606060606062
0,0.0,0.0,0,0.0,0.0,1,57.0,-5.164912280701756
0,0.0,0.0,0,0.0,0.0,1,99.0,6.23080808080808
1,74.0,0.0115645274771524,0,0.0,0.0,1,99.0,-41.3889898989899
0,24.0,-0.0200994855967078,1,0.0,33.0,1,99.0,-0.5941414141414142
0,76.0,0.013893365079365,0,0.0,0.0,0,0.0,0.0
1,42.0,0.0386101991758241,0,0.0,0.0,1,99.0,-26.78909090909091
0,0.0,0.0,1,56.85543964232489,31.0,1,99.0,8.773434343434342
0,0.0,0.0,0,0.0,0.0,0,0.0,0.0
0,0.0,0.0,0,0.0,0.0,1,44.0,-38.29227272727272
0,27.0,-0.0064280219780219,1,1644.9038961038962,28.0,0,0.0,0.0
0,28.0,-0.0405288793995859,0,0.0,0.0,1,99.0,-8.894848484848483
1,75.0,-0.0139599702380952,0,0.0,0.0,1,99.0,-10.00808080808081
0,61.0,-0.0095578869047619,0,0.0,0.0,1,99.0,-27.77767676767677
